  1       Jackson :  /////-/-/    23 (2004)   22 (2005)   17 (2006)    7 (2007)    6 (2008)    3 (2009)    3 (2010)    2 (2011)    2 (2012)    1 (2013) 
  2         Aiden :  -/------\   200 (2004)  200 (2005)    1 (2006)    1 (2007)    1 (2008)    1 (2009)    1 (2010)    1 (2011)    1 (2012)    2 (2013) 
  3          Liam :  -//////-/    58 (2004)   58 (2005)   52 (2006)   50 (2007)   42 (2008)   23 (2009)   10 (2010)    4 (2011)    4 (2012)    3 (2013) 
  4         Lucas :  /-///--//    52 (2004)   40 (2005)   40 (2006)   22 (2007)   17 (2008)    9 (2009)    9 (2010)    9 (2011)    7 (2012)    4 (2013) 
  5          Noah :  ///\/-\//    21 (2004)   16 (2005)    7 (2006)    6 (2007)    7 (2008)    6 (2009)    6 (2010)    8 (2011)    6 (2012)    5 (2013) 
  6         Mason :  ////\//\\    48 (2004)   35 (2005)   34 (2006)   29 (2007)   26 (2008)   28 (2009)   11 (2010)    3 (2011)    5 (2012)    6 (2013) 
  7        Jayden :  -\//\\\\/    15 (2004)   15 (2005)   19 (2006)    4 (2007)    2 (2008)    4 (2009)    5 (2010)    6 (2011)    9 (2012)    7 (2013) 
  8         Ethan :  --/\/\\/\     3 (2004)    3 (2005)    3 (2006)    2 (2007)    3 (2008)    2 (2009)    4 (2010)    7 (2011)    3 (2012)    8 (2013) 
  9         Jacob :  \-\\\/\\\     1 (2004)    2 (2005)    2 (2006)    3 (2007)    4 (2008)    5 (2009)    2 (2010)    5 (2011)    8 (2012)    9 (2013) 
 10          Jack :  //\-\\-/-    14 (2004)    8 (2005)    6 (2006)    8 (2007)    8 (2008)   10 (2009)   13 (2010)   13 (2011)   10 (2012)   10 (2013) 
 11         Caden :  ///-\\\\/    17 (2004)   14 (2005)   13 (2006)    5 (2007)    5 (2008)    7 (2009)    8 (2010)   12 (2011)  200 (2012)   11 (2013) 
 12         Logan :  \//-//\\\    16 (2004)   19 (2005)   10 (2006)    9 (2007)    9 (2008)    8 (2009)    7 (2010)   10 (2011)   11 (2012)   12 (2013) 
 13      Benjamin :  //\//\///    28 (2004)   26 (2005)   24 (2006)   34 (2007)   31 (2008)   22 (2009)   25 (2010)   19 (2011)   14 (2012)   13 (2013) 
 14       Michael :  \-\\\-/-/     6 (2004)   12 (2005)   12 (2006)   13 (2007)   14 (2008)   18 (2009)   18 (2010)   16 (2011)   16 (2012)   14 (2013) 
 15         Caleb :  \//\///\\    18 (2004)   20 (2005)   18 (2006)   17 (2007)   18 (2008)   14 (2009)   12 (2010)   11 (2011)   13 (2012)   15 (2013) 
 16          Ryan :  \/\\-\//\     4 (2004)    6 (2005)    4 (2006)   11 (2007)   12 (2008)   12 (2009)   16 (2010)   14 (2011)   12 (2012)   16 (2013) 
 17     Alexander :  /\\--/\/-    19 (2004)   18 (2005)   20 (2006)   21 (2007)   21 (2008)   21 (2009)   19 (2010)   21 (2011)   17 (2012)   17 (2013) 
 18        Elijah :  /\/-///\-    44 (2004)   42 (2005)   44 (2006)   39 (2007)   39 (2008)   35 (2009)   32 (2010)   17 (2011)   18 (2012)   18 (2013) 
 19         James :  \/\\-////    26 (2004)   27 (2005)   26 (2006)   30 (2007)   32 (2008)   32 (2009)   31 (2010)   24 (2011)   21 (2012)   19 (2013) 
 20       William :  \\\\/\//\    22 (2004)   23 (2005)   25 (2006)   27 (2007)   29 (2008)   27 (2009)   30 (2010)   22 (2011)   15 (2012)   20 (2013) 
 21        Oliver :  --///////   200 (2004)  200 (2005)  200 (2006)  100 (2007)   87 (2008)   80 (2009)   68 (2010)   56 (2011)   33 (2012)   21 (2013) 
 22        Connor :  \\/\/--\/    10 (2004)   13 (2005)   16 (2006)   14 (2007)   20 (2008)   15 (2009)   15 (2010)   15 (2011)   23 (2012)   22 (2013) 
 23       Matthew :  --\-\\\/\     5 (2004)    5 (2005)    5 (2006)   10 (2007)   10 (2008)   11 (2009)   17 (2010)   23 (2011)   19 (2012)   23 (2013) 
 24        Daniel :  \/\/\////    27 (2004)   30 (2005)   27 (2006)   31 (2007)   25 (2008)   39 (2009)   38 (2010)   35 (2011)   29 (2012)   24 (2013) 
 25          Luke :  //\\//\//    33 (2004)   32 (2005)   30 (2006)   32 (2007)   34 (2008)   29 (2009)   28 (2010)   29 (2011)   28 (2012)   25 (2013) 
 26       Brayden :  \///-\\\\    35 (2004)   37 (2005)   22 (2006)   15 (2007)   13 (2008)   13 (2009)   14 (2010)   18 (2011)   24 (2012)   26 (2013) 
 27         Jayce :  --------/   200 (2004)  200 (2005)  200 (2006)  200 (2007)  200 (2008)  200 (2009)  200 (2010)  200 (2011)  200 (2012)   27 (2013) 
 28         Henry :  /////////   100 (2004)   99 (2005)   86 (2006)   85 (2007)   84 (2008)   63 (2009)   61 (2010)   41 (2011)   34 (2012)   28 (2013) 
 29        Carter :  ///-//-/\    67 (2004)   54 (2005)   47 (2006)   46 (2007)   46 (2008)   38 (2009)   36 (2010)   36 (2011)   25 (2012)   29 (2013) 
 30         Dylan :  /\\-\\\/\    13 (2004)   11 (2005)   14 (2006)   16 (2007)   16 (2008)   17 (2009)   23 (2010)   27 (2011)   20 (2012)   30 (2013) 
 31       Gabriel :  /\-///\/\    41 (2004)   34 (2005)   38 (2006)   38 (2007)   35 (2008)   33 (2009)   29 (2010)   31 (2011)   30 (2012)   31 (2013) 
 32        Joshua :  \-\\/\\/\     8 (2004)    9 (2005)    9 (2006)   18 (2007)   22 (2008)   20 (2009)   27 (2010)   33 (2011)   27 (2012)   32 (2013) 
 33      Nicholas :  /\\/\\/\\     9 (2004)    4 (2005)    8 (2006)   12 (2007)   11 (2008)   16 (2009)   21 (2010)   20 (2011)   31 (2012)   33 (2013) 
 34         Isaac :  /\///-///    65 (2004)   61 (2005)   65 (2006)   55 (2007)   49 (2008)   47 (2009)   47 (2010)   45 (2011)   40 (2012)   34 (2013) 
 35          Owen :  //\///\/\    54 (2004)   43 (2005)   37 (2006)   40 (2007)   38 (2008)   36 (2009)   33 (2010)   34 (2011)   22 (2012)   35 (2013) 
 36        Nathan :  \-\-\/\\\    20 (2004)   21 (2005)   21 (2006)   24 (2007)   24 (2008)   26 (2009)   22 (2010)   26 (2011)   32 (2012)   36 (2013) 
 37       Grayson :  ---//////   200 (2004)  200 (2005)  200 (2006)  200 (2007)   93 (2008)   91 (2009)   66 (2010)   48 (2011)   43 (2012)   37 (2013) 
 38           Eli :  ---/////-   200 (2004)  200 (2005)  200 (2006)  200 (2007)   85 (2008)   74 (2009)   50 (2010)   42 (2011)   38 (2012)   38 (2013) 
 39        Landon :  ///\//\\\    70 (2004)   51 (2005)   32 (2006)   26 (2007)   30 (2008)   25 (2009)   20 (2010)   25 (2011)   26 (2012)   39 (2013) 
 40        Andrew :  /\\-\/\\\    12 (2004)   10 (2005)   11 (2006)   19 (2007)   19 (2008)   31 (2009)   26 (2010)   30 (2011)   35 (2012)   40 (2013) 
 41           Max :  //\/////\    73 (2004)   72 (2005)   66 (2006)   71 (2007)   61 (2008)   50 (2009)   46 (2010)   44 (2011)   39 (2012)   41 (2013) 
 42        Samuel :  \/\/\/\/-    43 (2004)   47 (2005)   46 (2006)   54 (2007)   43 (2008)   49 (2009)   44 (2010)   46 (2011)   42 (2012)   42 (2013) 
 43         Gavin :  ////\\/\\    34 (2004)   33 (2005)   28 (2006)   23 (2007)   15 (2008)   19 (2009)   35 (2010)   32 (2011)   36 (2012)   43 (2013) 
 44         Wyatt :  ///////\/    82 (2004)   76 (2005)   70 (2006)   68 (2007)   54 (2008)   51 (2009)   42 (2010)   40 (2011)   46 (2012)   44 (2013) 
 45     Christian :  /\/\/\/\/    37 (2004)   31 (2005)   41 (2006)   37 (2007)   41 (2008)   37 (2009)   40 (2010)   39 (2011)   52 (2012)   45 (2013) 
 46        Hunter :  //\/\/\//    51 (2004)   50 (2005)   48 (2006)   51 (2007)   48 (2008)   54 (2009)   53 (2010)   66 (2011)   49 (2012)   46 (2013) 
 47       Cameron :  /\/-\/\/\    30 (2004)   29 (2005)   35 (2006)   33 (2007)   33 (2008)   40 (2009)   37 (2010)   38 (2011)   37 (2012)   47 (2013) 
 48          Evan :  /\//\/\\\    32 (2004)   24 (2005)   29 (2006)   28 (2007)   27 (2008)   30 (2009)   24 (2010)   28 (2011)   41 (2012)   48 (2013) 
 49       Charlie :  //\/////\    94 (2004)   81 (2005)   78 (2006)   87 (2007)   86 (2008)   78 (2009)   64 (2010)   63 (2011)   48 (2012)   49 (2013) 
 50         David :  /\-\/\/--    39 (2004)   38 (2005)   45 (2006)   45 (2007)   47 (2008)   46 (2009)   56 (2010)   50 (2011)   50 (2012)   50 (2013) 
 51     Sebastian :  \//\//\//    85 (2004)   86 (2005)   84 (2006)   78 (2007)   83 (2008)   81 (2009)   77 (2010)   79 (2011)   58 (2012)   51 (2013) 
 52        Joseph :  \\\/\-\\\    24 (2004)   25 (2005)   31 (2006)   41 (2007)   37 (2008)   41 (2009)   41 (2010)   43 (2011)   47 (2012)   52 (2013) 
 53       Dominic :  //\\/-\//    61 (2004)   60 (2005)   55 (2006)   58 (2007)   63 (2008)   59 (2009)   59 (2010)   64 (2011)   55 (2012)   53 (2013) 
 54       Anthony :  \---\/\\\    29 (2004)   36 (2005)   36 (2006)   36 (2007)   36 (2008)   45 (2009)   43 (2010)   47 (2011)   51 (2012)   54 (2013) 
 55        Colton :  --////\/\   200 (2004)  200 (2005)  200 (2006)   91 (2007)   77 (2008)   66 (2009)   52 (2010)   60 (2011)   53 (2012)   55 (2013) 
 56          John :  \\-\\\\\/    38 (2004)   41 (2005)   42 (2006)   42 (2007)   44 (2008)   48 (2009)   49 (2010)   52 (2011)   57 (2012)   56 (2013) 
 57         Tyler :  -\\\\\\\\     7 (2004)    7 (2005)   15 (2006)   20 (2007)   23 (2008)   24 (2009)   34 (2010)   37 (2011)   44 (2012)   57 (2013) 
 58       Zachary :  \\\\\\\/\    11 (2004)   17 (2005)   23 (2006)   25 (2007)   28 (2008)   34 (2009)   39 (2010)   49 (2011)   45 (2012)   58 (2013) 
 59        Thomas :  /\-\\\//\    50 (2004)   49 (2005)   53 (2006)   53 (2007)   57 (2008)   61 (2009)   70 (2010)   67 (2011)   54 (2012)   59 (2013) 
 60        Julian :  /\////\//    81 (2004)   78 (2005)   95 (2006)   81 (2007)   79 (2008)   73 (2009)   65 (2010)   72 (2011)   69 (2012)   60 (2013) 
 61          Levi :  ----///\\   200 (2004)  200 (2005)  200 (2006)  200 (2007)  200 (2008)   89 (2009)   74 (2010)   54 (2011)   60 (2012)   61 (2013) 
 62          Adam :  \/\/\/\//    60 (2004)   64 (2005)   63 (2006)   79 (2007)   73 (2008)   75 (2009)   73 (2010)   78 (2011)   67 (2012)   62 (2013) 
 63        Isaiah :  ///\///\\    68 (2004)   65 (2005)   61 (2006)   57 (2007)   68 (2008)   65 (2009)   63 (2010)   53 (2011)   62 (2012)   63 (2013) 
 64          Alex :  /\/\\/\//    47 (2004)   46 (2005)   50 (2006)   48 (2007)   56 (2008)   60 (2009)   57 (2010)   68 (2011)   66 (2012)   64 (2013) 
 65         Aaron :  \\/\\///-    62 (2004)   66 (2005)   68 (2006)   65 (2007)   70 (2008)   76 (2009)   75 (2010)   73 (2011)   65 (2012)   65 (2013) 
 66        Parker :  ///\/\//\    95 (2004)   89 (2005)   77 (2006)   75 (2007)   76 (2008)   69 (2009)   76 (2010)   65 (2011)   61 (2012)   66 (2013) 
 67        Cooper :  /\///\/\\    98 (2004)   79 (2005)   80 (2006)   70 (2007)   62 (2008)   56 (2009)   60 (2010)   58 (2011)   59 (2012)   67 (2013) 
 68         Miles :  -//\/////   200 (2004)  200 (2005)   97 (2006)   92 (2007)   94 (2008)   83 (2009)   80 (2010)   75 (2011)   74 (2012)   68 (2013) 
 69         Chase :  \////\\\\    69 (2004)   75 (2005)   72 (2006)   63 (2007)   52 (2008)   42 (2009)   45 (2010)   57 (2011)   63 (2012)   69 (2013) 
 70      Muhammad :  --------/   200 (2004)  200 (2005)  200 (2006)  200 (2007)  200 (2008)  200 (2009)  200 (2010)  200 (2011)  200 (2012)   70 (2013) 
 71   Christopher :  \\\\\\\\-    25 (2004)   28 (2005)   33 (2006)   35 (2007)   40 (2008)   43 (2009)   48 (2010)   51 (2011)   71 (2012)   71 (2013) 
 72         Blake :  /\/\\///\    83 (2004)   80 (2005)   81 (2006)   77 (2007)   81 (2008)   82 (2009)   81 (2010)   76 (2011)   64 (2012)   72 (2013) 
 73        Austin :  \-\\\/\/\    31 (2004)   39 (2005)   39 (2006)   43 (2007)   50 (2008)   53 (2009)   51 (2010)   61 (2011)   56 (2012)   73 (2013) 
 74        Jordan :  \//\/\\\/    49 (2004)   52 (2005)   51 (2006)   44 (2007)  200 (2008)   62 (2009)   69 (2010)   70 (2011)   75 (2012)   74 (2013) 
 75           Leo :  -------//   200 (2004)  200 (2005)  200 (2006)  200 (2007)  200 (2008)  200 (2009)  200 (2010)  200 (2011)   85 (2012)   75 (2013) 
 76      Jonathan :  \\/\\/-\\    42 (2004)   44 (2005)   60 (2006)   49 (2007)   55 (2008)   57 (2009)   55 (2010)   55 (2011)   70 (2012)   76 (2013) 
 77        Adrian :  --//\//\/   200 (2004)  200 (2005)  200 (2006)   90 (2007)   89 (2008)   90 (2009)   86 (2010)   80 (2011)   82 (2012)   77 (2013) 
 78         Colin :  \/\//\\\\    45 (2004)   68 (2005)   58 (2006)   61 (2007)   58 (2008)   44 (2009)   58 (2010)   62 (2011)   77 (2012)   78 (2013) 
 79        Hudson :  -----////   200 (2004)  200 (2005)  200 (2006)  200 (2007)  200 (2008)  200 (2009)   96 (2010)   95 (2011)   81 (2012)   79 (2013) 
 80           Ian :  //\\\\/\\    63 (2004)   57 (2005)   56 (2006)   64 (2007)   71 (2008)   72 (2009)   79 (2010)   69 (2011)   78 (2012)   80 (2013) 
 81        Xavier :  \//\//\/\    86 (2004)   87 (2005)   83 (2006)   67 (2007)   82 (2008)   79 (2009)   78 (2010)   85 (2011)   80 (2012)   81 (2013) 
 82        Camden :  --------/   200 (2004)  200 (2005)  200 (2006)  200 (2007)  200 (2008)  200 (2009)  200 (2010)  200 (2011)  200 (2012)   82 (2013) 
 83       Tristan :  ///\/\\\\    75 (2004)   74 (2005)   64 (2006)   52 (2007)   53 (2008)   52 (2009)   54 (2010)   59 (2011)   68 (2012)   83 (2013) 
 84        Carson :  ////-/\\\    80 (2004)   77 (2005)   74 (2006)   69 (2007)   67 (2008)   67 (2009)   62 (2010)   74 (2011)   76 (2012)   84 (2013) 
 85         Jason :  \\\/\/\\/    57 (2004)   62 (2005)   76 (2006)   82 (2007)   78 (2008)   88 (2009)   84 (2010)   88 (2011)   93 (2012)   85 (2013) 
 86         Nolan :  --//\///\   200 (2004)  200 (2005)  200 (2006)   95 (2007)   90 (2008)   94 (2009)   89 (2010)   81 (2011)   73 (2012)   86 (2013) 
 87         Riley :  /\\/\\-/\    71 (2004)   70 (2005)   73 (2006)   76 (2007)   74 (2008)   77 (2009)   83 (2010)   83 (2011)   79 (2012)   87 (2013) 
 88       Lincoln :  -------//   200 (2004)  200 (2005)  200 (2006)  200 (2007)  200 (2008)  200 (2009)  200 (2010)  200 (2011)   99 (2012)   88 (2013) 
 89         Brody :  -///\\\\\   200 (2004)  200 (2005)   89 (2006)   74 (2007)   45 (2008)   58 (2009)   72 (2010)   77 (2011)   84 (2012)   89 (2013) 
 90       Bentley :  ------/\\   200 (2004)  200 (2005)  200 (2006)  200 (2007)  200 (2008)  200 (2009)  200 (2010)   84 (2011)   87 (2012)   90 (2013) 
 91     Nathaniel :  /\\/\/\/-    74 (2004)   67 (2005)   69 (2006)   83 (2007)   72 (2008)   86 (2009)   85 (2010)   96 (2011)   91 (2012)   91 (2013) 
 92        Josiah :  ---////\/   200 (2004)  200 (2005)  200 (2006)  200 (2007)   98 (2008)   97 (2009)   95 (2010)   94 (2011)  200 (2012)   92 (2013) 
 93        Declan :  -------//   200 (2004)  200 (2005)  200 (2006)  200 (2007)  200 (2008)  200 (2009)  200 (2010)  200 (2011)   95 (2012)   93 (2013) 
 94          Jake :  \\\\\\\/\    55 (2004)   56 (2005)   57 (2006)   66 (2007)   69 (2008)   70 (2009)   82 (2010)   89 (2011)   86 (2012)   94 (2013) 
 95         Asher :  ------/-\   200 (2004)  200 (2005)  200 (2006)  200 (2007)  200 (2008)  200 (2009)  200 (2010)   90 (2011)   90 (2012)   95 (2013) 
 96      Jeremiah :  --/\-//\\   200 (2004)  200 (2005)  200 (2006)   99 (2007)  200 (2008)  200 (2009)   90 (2010)   87 (2011)   89 (2012)   96 (2013) 
 97          Cole :  /\/-/\\\\    59 (2004)   55 (2005)   62 (2006)   60 (2007)   60 (2008)   55 (2009)   67 (2010)   71 (2011)   83 (2012)   97 (2013) 
 98         Mateo :  --------/   200 (2004)  200 (2005)  200 (2006)  200 (2007)  200 (2008)  200 (2009)  200 (2010)  200 (2011)  200 (2012)   98 (2013) 
 99         Micah :  ---//\/\\   200 (2004)  200 (2005)  200 (2006)  200 (2007)   99 (2008)   95 (2009)   99 (2010)   91 (2011)   92 (2012)   99 (2013) 
100        Elliot :  --------/   200 (2004)  200 (2005)  200 (2006)  200 (2007)  200 (2008)  200 (2009)  200 (2010)  200 (2011)  200 (2012)  100 (2013) 
200       Timothy :  \--------    99 (2004)  200 (2005)  200 (2006)  200 (2007)  200 (2008)  200 (2009)  200 (2010)  200 (2011)  200 (2012)  200 (2013) 
200        Hayden :  /--\\\/\\    64 (2004)   59 (2005)   59 (2006)   59 (2007)   64 (2008)   71 (2009)   91 (2010)   86 (2011)   96 (2012)  200 (2013) 
200          Drew :  //\------   200 (2004)  100 (2005)   96 (2006)  200 (2007)  200 (2008)  200 (2009)  200 (2010)  200 (2011)  200 (2012)  200 (2013) 
200        Easton :  -------/\   200 (2004)  200 (2005)  200 (2006)  200 (2007)  200 (2008)  200 (2009)  200 (2010)  200 (2011)   98 (2012)  200 (2013) 
200          Seth :  \/\------    84 (2004)   88 (2005)   87 (2006)  200 (2007)  200 (2008)  200 (2009)  200 (2010)  200 (2011)  200 (2012)  200 (2013) 
200          Kyle :  \\\\\\---    53 (2004)   63 (2005)   67 (2006)   80 (2007)   92 (2008)   96 (2009)  200 (2010)  200 (2011)  200 (2012)  200 (2013) 
200           Sam :  -\\--/\--    91 (2004)   91 (2005)   94 (2006)  200 (2007)  200 (2008)  200 (2009)  100 (2010)  200 (2011)  200 (2012)  200 (2013) 
200        Steven :  -/\\\----   200 (2004)  200 (2005)   88 (2006)   89 (2007)  100 (2008)  200 (2009)  200 (2010)  200 (2011)  200 (2012)  200 (2013) 
200         Kevin :  \\\------    90 (2004)   95 (2005)   98 (2006)  200 (2007)  200 (2008)  200 (2009)  200 (2010)  200 (2011)  200 (2012)  200 (2013) 
200       Garrett :  \\-------    89 (2004)   96 (2005)  200 (2006)  200 (2007)  200 (2008)  200 (2009)  200 (2010)  200 (2011)  200 (2012)  200 (2013) 
200       Brandon :  \\\\\\\\\    36 (2004)   45 (2005)   49 (2006)   56 (2007)   66 (2008)   68 (2009)   87 (2010)   93 (2011)   97 (2012)  200 (2013) 
200        Peyton :  -//\\\---   200 (2004)  200 (2005)   99 (2006)   84 (2007)   91 (2008)   98 (2009)  200 (2010)  200 (2011)  200 (2012)  200 (2013) 
200         Bryce :  /\\\/\\\-    88 (2004)   83 (2005)   90 (2006)   93 (2007)   95 (2008)   92 (2009)   98 (2010)  100 (2011)  200 (2012)  200 (2013) 
200         Brady :  ////\\\--    93 (2004)   82 (2005)   75 (2006)   73 (2007)   65 (2008)   84 (2009)   93 (2010)  200 (2011)  200 (2012)  200 (2013) 
200       Patrick :  -\\------    92 (2004)   92 (2005)   93 (2006)  200 (2007)  200 (2008)  200 (2009)  200 (2010)  200 (2011)  200 (2012)  200 (2013) 
200        Camryn :  ---/\----   200 (2004)  200 (2005)  200 (2006)  200 (2007)   59 (2008)  200 (2009)  200 (2010)  200 (2011)  200 (2012)  200 (2013) 
200          Eric :  \\\\\\---    72 (2004)   73 (2005)   82 (2006)   88 (2007)   96 (2008)  100 (2009)  200 (2010)  200 (2011)  200 (2012)  200 (2013) 
200         Devin :  \\/\\\\--    56 (2004)   69 (2005)   79 (2006)   72 (2007)   80 (2008)   85 (2009)   92 (2010)  200 (2011)  200 (2012)  200 (2013) 
200        Robert :  \-\\\\\--    66 (2004)   71 (2005)   71 (2006)   86 (2007)   88 (2008)   93 (2009)   94 (2010)  200 (2011)  200 (2012)  200 (2013) 
200           Ben :  /\\------   200 (2004)   97 (2005)  100 (2006)  200 (2007)  200 (2008)  200 (2009)  200 (2010)  200 (2011)  200 (2012)  200 (2013) 
200        Justin :  \\\\\\\\-    46 (2004)   53 (2005)   54 (2006)   62 (2007)   75 (2008)   87 (2009)   88 (2010)   99 (2011)  200 (2012)  200 (2013) 
200       Brendan :  \\\\/\---    78 (2004)   84 (2005)   92 (2006)   98 (2007)  200 (2008)   99 (2009)  200 (2010)  200 (2011)  200 (2012)  200 (2013) 
200        Trevor :  \\-------    96 (2004)   98 (2005)  200 (2006)  200 (2007)  200 (2008)  200 (2009)  200 (2010)  200 (2011)  200 (2012)  200 (2013) 
200        Ashton :  \\-------    77 (2004)   93 (2005)  200 (2006)  200 (2007)  200 (2008)  200 (2009)  200 (2010)  200 (2011)  200 (2012)  200 (2013) 
200       Preston :  --/\-----   200 (2004)  200 (2005)  200 (2006)   97 (2007)  200 (2008)  200 (2009)  200 (2010)  200 (2011)  200 (2012)  200 (2013) 
200      Harrison :  -------/\   200 (2004)  200 (2005)  200 (2006)  200 (2007)  200 (2008)  200 (2009)  200 (2010)  200 (2011)  100 (2012)  200 (2013) 
200          Cody :  \\/\-----    79 (2004)   90 (2005)  200 (2006)   96 (2007)  200 (2008)  200 (2009)  200 (2010)  200 (2011)  200 (2012)  200 (2013) 
200         Brian :  \-\\-----    76 (2004)   85 (2005)   85 (2006)   94 (2007)  200 (2008)  200 (2009)  200 (2010)  200 (2011)  200 (2012)  200 (2013) 
200        Bryson :  ------/\-   200 (2004)  200 (2005)  200 (2006)  200 (2007)  200 (2008)  200 (2009)  200 (2010)   97 (2011)  200 (2012)  200 (2013) 
200          Jace :  ------//\   200 (2004)  200 (2005)  200 (2006)  200 (2007)  200 (2008)  200 (2009)  200 (2010)   92 (2011)   72 (2012)  200 (2013) 
200         Ryder :  -----/\/\   200 (2004)  200 (2005)  200 (2006)  200 (2007)  200 (2008)  200 (2009)   97 (2010)   98 (2011)   94 (2012)  200 (2013) 
200          Will :  \/\/\----    87 (2004)   94 (2005)   91 (2006)  200 (2007)   97 (2008)  200 (2009)  200 (2010)  200 (2011)  200 (2012)  200 (2013) 
200         Aidan :  /\-------     2 (2004)    1 (2005)  200 (2006)  200 (2007)  200 (2008)  200 (2009)  200 (2010)  200 (2011)  200 (2012)  200 (2013) 
200       Charles :  \--------    97 (2004)  200 (2005)  200 (2006)  200 (2007)  200 (2008)  200 (2009)  200 (2010)  200 (2011)  200 (2012)  200 (2013) 
200          Sean :  \/\\\\\\\    40 (2004)   48 (2005)   43 (2006)   47 (2007)   51 (2008)   64 (2009)   71 (2010)   82 (2011)   88 (2012)  200 (2013) 
